frame 13 13

#морковка
color 255 0 0 # цвет красный
thickness 2   # толщина 2
path 25
2. 0.5
1.5 2.
1. 3.
0.5 5.
0.5 6.5
1. 7.
1.5 7.
0.5 8.5
0.5 10.
1.5 7.5
2. 8.
2.5 7.
3. 7.
3.5 6.5
2.5 6.5
2.5 6.
2. 5.5
2. 5.
2.5 4.5
3.5 5.
3.25 3.9
2.5 3.5
2. 2.5
2.5 1.5
2. 0.5

color 255 0 0 # цвет красный
thickness 2   # толщина 2
path 2
1.5 7.
2.5 7.

#кролик
color 120 120 120 # цвет серый
thickness 3     # толщина 3
path 15
2.5 1.5
3. 0.5
4. 0.5
7.5 1.
8. 1.
8.5 1.5
9. 1.
10. 1.5
10. 3.
9. 3.5
8.5 3.
8.5 3.5
7.5 6.5
8. 8.
7.65 8.85

color 120 120 120 # цвет серый
thickness 3     # толщина 3
path 15
7.5 8.75
8. 9.
9. 6.
10.5 9.
8.5 11.5
7.5 10.5
7.25 10.
7. 10.
6.5 12.
6. 12.5
5. 12.5
3. 10.5
2.5 8.5
3.5 10.
5.75 10.5

color 120 120 120 # цвет серый
thickness 3     # толщина 3
path 11
3.5 10.
5.5 11.
6. 10.
3. 8.5
3. 8.
3.25 7.5
4.75 6.35
5.5 6.
5. 5.5
4. 6.5
3.5 6.5

color 120 120 120 # цвет серый
thickness 3     # толщина 3
path 3
5.5 6.
5. 5.
5. 5.5 

color 120 120 120 # цвет серый
thickness 3     # толщина 3
path 2
5. 5.
3.5 6.5

color 120 120 120 # цвет серый
thickness 3     # толщина 3
path 3
3.5 5.
5. 4.25
5. 4.

color 120 120 120 # цвет серый
thickness 3     # толщина 3
path 3
3.25 3.9
3.5 4.
4. 4.

color 120 120 120 # цвет серый
thickness 3     # толщина 3
path 4
3.5 4.
4.5 3.
4. 2.
3.5 2.

color 120 120 120 # цвет серый
thickness 3     # толщина 3
path 3
4. 2.
4.5 2.
5.5 2.5

color 120 120 120 # цвет серый
thickness 3     # толщина 3
path 4
4. 4.
5. 3.5
4.5 2.5
5.25 3.

color 120 120 120 # цвет серый
thickness 3     # толщина 3
path 3
5. 4.
5.5 2.5
7.5 1.

color 120 120 120 # цвет серый
thickness 3     # толщина 3
path 4
5. 4.
6.5 3.5
8.5 3.
8.5 1.5

#то что на голове и лице
color 120 120 120 
thickness 4
path 2
8. 9.
8. 10.

color 120 120 120 
thickness 4
path 2
7.5 8.75
7. 8.25

color 120 120 120
thickness 4
path 2
7.25 10.
7. 9.5

color 120 120 120 
thickness 4
path 2
6. 10.
7. 10.

color 120 120 120 
thickness 4
path 2
5.5 6.
7.5 6.5

color 120 120 120
thickness 4
path 2
3.25 7.5
4. 9.

color 120 120 120
thickness 4
path 3
4.75 6.35
6.25 6.85
6.75 7.25

color 120 120 120
thickness 4
path 2
6.5 7.5
7. 7.

color 120 120 120
thickness 4
path 2
5. 8.5
5.5 8.

color 120 120 120
thickness 4
path 2
5. 8.5
5.75 9.25

color 120 120 120
thickness 4
path 5
5. 8.5
5.75 8.5
5.75 9.25
6.25 9.25
6.25 8.5

color 120 120 120
thickness 4
path 2
5.5 8.
6.25 8.5